4 2 1
0.00033740933417898027 0.0006361119622824311 -0.01 0.0012809200025312845
4 2 2
-0.00477792951041767 -0.02 -0.02 -0.11962075902081956
4 3 1
0.0020445031752758277 0.0018314923865340536 -0.01 -0.019785723160862852
4 3 2
-0.021926685343429925 -0.03996002 -0.03998 -0.11944124824166893
4 4 1
0.0027323699374967245 0.002028769445491829 -0.01 -0.01991033523933613
4 4 2
-0.013475253104279815 -0.02998001 -0.029989999999999996 -0.13940094071503628
4 5 1
0.0013844385773833369 0.000728495992718343 -0.01 0.0011854846828958212
4 5 2
-0.016289771554736755 -0.02998 -0.02 -0.1890034715151498
4 6 1
0.0006125617345517464 0.003319366662999926 -0.01 -0.039810548752107475
4 6 2
-0.015102143272133042 -0.03997001998001 -0.029989999999999996 -0.07977032968019993
4 7 1
0.007344629188547781 0.007641812909474268 -0.019989999870706352 -0.01980072994458763
4 7 2
-0.01716191749478713 -0.03998 -0.03997001 -0.03990995493659712
4 8 1
0.001455380751858556 0.0007162648819598024 -0.01 0.0024792633794143626
4 8 2
0.004493905931180274 -0.02 -0.01 -0.13936183658431622
4 9 1
0.0006322254822487852 -0.006115200721433354 -0.019981026982 -0.007768097107785445
4 9 2
-0.004684191623910637 -0.02013955067936038 -0.02998 -0.09974037970011998
4 10 1
0.005831739177533279 0.05920670868806026 -0.01 -0.07581017663941177
4 10 2
0.03761100030606791 -0.0998101201396603 -0.09979023984006 -0.33482050964945514
4 11 1
0.003149292999211882 0.0009228372980222788 -0.01 -0.01
4 11 2
-0.0277019024705454 -0.03996002 -0.04996001 -0.059940020000000004
5 2 1
0.35683844107842144 -0.7995016830913116 -0.1476062983689683 -0.07861815453029543
5 2 2
-0.011280171452782276 -0.03981060868218722 -0.029970010000000002 -0.029970010000000002
5 3 1
0.41706306986190617 -0.7170052302044038 -0.15639573540024854 -0.14698839495860264
5 3 2
-0.03115151899707273 -0.06007735165742825 -0.04993003999 -0.04994002
5 4 1
0.41542935953838916 -0.9003363075653267 -0.19625815297836902 -0.11826066610647501
5 4 2
-0.08703258647982054 -0.10699435566151465 -0.10957098854140909 -0.10947149719370644
5 5 1
0.4468761071654212 -0.6044744746007741 -0.09835019777396119 -0.07842961977329732
5 5 2
-0.020721843396497047 -0.0598705074189794 -0.05990009995001 -0.049900099950010005
5 6 1
0.39366735856668256 -0.6013623387143213 -0.11690656682856443 -0.06907599022216719
5 6 2
0.005154753900198891 -0.04986019985005999 -0.01 -0.02
5 7 1
0.8517094965730792 -0.9917104838640838 -0.13557591822373846 -0.10744861993296333
5 7 2
-0.014258793051752863 -0.08925378654784488 -0.06989007998 -0.0598395455371848
5 8 1
0.4510309182578879 -1.159807095295509 -0.19684755071672402 -0.14548988944263655
5 8 2
-0.02761511480120197 -0.06938407052788387 -0.059940020000000004 -0.08974034970003118
5 9 1
0.5513139708473539 -1.0278426140594878 -0.15771267715405224 -0.11821555601757684
5 9 2
-0.06528157396580557 -0.10942173660466537 -0.10970047954025992 -0.10967053944035988
5 10 1
0.5582646508359206 -3.0871371059020496 -0.4773984276279283 -0.45024477140263763
5 10 2
-0.0023127561605702277 -0.3194707817930084 -0.24786118959762024 -0.24731720289039896
5 11 1
0.3542138831380112 -0.860047847660863 -0.16759281788913494 -0.12809666819092153
5 11 2
-0.053761610760939986 -0.08973049945035988 -0.08979029975010999 -0.08969065909079955
6 2 1
0.3259662961272013 -0.7960735597824473 -0.17303497562814468 -0.22471737785401488
6 2 2
-0.0617189421255633 -0.09948173589740911 -0.09968059935040986 -0.10955087896076965
6 3 1
0.3837159599844103 -0.8644600871312761 -0.10781414503331435 -0.19616587291052315
6 3 2
-0.08661851058681698 -0.1289741353168392 -0.12949126798210853 -0.1292231115960777
6 4 1
0.3538532087514943 -0.7616108954967044 -0.0979084406446392 -0.09782680534270226
6 4 2
-0.06257125509546954 -0.1092384355505573 -0.10969050951026992 -0.22786218198981747
6 5 1
0.4443538229371366 -0.578499016201613 -0.07825439790519115 -0.14661419754529376
6 5 2
-0.043386281829533496 -0.0995340808571781 -0.09965076895090952 -0.10938237390103565
6 6 1
0.36608256457580757 -0.7304766468559043 -0.17307416494685723 -0.09804725748792381
6 6 2
-0.0007843764400607077 -0.06956197416194226 -0.02 -0.04981271075177564
6 7 1
0.8054002547819757 -0.7729072409718359 -0.09755746956124703 -0.14393534056979113
6 7 2
-0.011542632693737797 -0.11866336856061194 -0.11959083891091953 -0.20860626023566065
6 8 1
0.4014885665597622 -0.9527355334116514 -0.1758337056241228 -0.20407926812595067
6 8 2
-0.06091551228444089 -0.09950157638616225 -0.09979023984006 -0.12946119822180874
6 9 1
0.5127270599955979 -0.9015027799203628 -0.20606475021375245 -0.16302365968211557
6 9 2
-0.08764377116220527 -0.16841180733538097 -0.15905314321026873 -0.2187843491793646
6 10 1
0.5135889051946809 -2.9193144772634096 -0.3984693277235413 -0.3913601948839874
6 10 2
0.04458898012102329 -0.35031189395243995 -0.2778606627462596 -0.5730177019814905
6 11 1
0.35205486626691596 -0.8836956443092645 -0.20599557001702595 -0.27244023468653283
6 11 2
-0.04480359814701344 -0.08963110783280756 -0.07983016991002 -0.1684453237751295
7 2 1
0.3792531336794654 -1.3236327053092545 -0.22886860348792176 -0.20431120886903573
7 2 2
-0.04893764752632555 -0.10893904650697946 -0.09975033974010997 -0.08955128754335663
7 3 1
0.41751250676761403 -1.3547846754053765 -0.23174439834507068 -0.18453770465282954
7 3 2
-0.12047016389119337 -0.20765757696288198 -0.17877514498222744 -0.17856827358460337
7 4 1
0.41488924940467503 -1.1684190518372377 -0.1741426348018772 -0.14546217785035334
7 4 2
-0.06102095183716336 -0.09767710451738208 -0.09965076895090952 -0.10946192478105204
7 5 1
0.415258882570924 -1.1430166852573749 -0.16852639568823918 -0.18439954920446147
7 5 2
-0.00982940681456708 -0.12899530762818798 -0.09957104839160896 -0.09970054939039985
7 6 1
0.42847922784805514 -1.0138009951635303 -0.1530780607627633 -0.14723325893265563
7 6 2
-0.0031576887680743603 -0.08880477026599232 -0.08971055930055973 -0.08925234681843082
7 7 1
0.8388730982946173 -1.5480887452725773 -0.2718396976877305 -0.32504829343055114
7 7 2
-0.10751819153470797 -0.2362541192729458 -0.24790129746971787 -0.22798134468608086
7 8 1
0.40790666210038634 -1.7948961424962 -0.3099773225173905 -0.30065970787088336
7 8 2
-0.14478469517306208 -0.2362617143490121 -0.2184271771835441 -0.21793242765439977
7 9 1
0.5340649270696624 -1.8128446909186247 -0.33786716183003795 -0.33829478262335755
7 9 2
-0.07066600889032111 -0.1584987648045905 -0.13931200615511513 -0.15918242527638382
7 10 1
0.4830734718158586 -3.6997238219600823 -1.0046430296368407 -0.643119820683939
7 10 2
-0.04186535987754603 -0.7882936893528708 -0.7383258455159533 -0.7371625857440348
7 11 1
0.4284264208804005 -1.5534856433975037 -0.3206464741642968 -0.22442422206955046
7 11 2
-0.08509758391127238 -0.1583705814890107 -0.15925219575567462 -0.14911304309132595
8 2 1
0.7565016080298214 -1.3751521929672765 -0.2654894543823702 -0.29667730210752924
8 2 2
0.015319886660929167 -0.2644114417921667 -0.18862624009694542 -0.2063321560694289
8 3 1
0.8449955682597836 -1.1706231202608672 -0.28394959186650937 -0.2595882017107981
8 3 2
-0.009860141212715716 -0.19555170902072264 -0.2086950763867006 -0.1983211246814657
8 4 1
0.8971328479116706 -1.0143216157144244 -0.14284426963518318 -0.15325813227681523
8 4 2
0.10146688177329174 -0.09765897884131641 -0.10957098854140909 -0.1385374880386926
8 5 1
1.0158180200291416 -1.2322548163916351 -0.26418591600108887 -0.21853659082011256
8 5 2
0.15125523609993466 -0.11866932584280596 -0.07978034965020994 -0.10956104839160896
8 6 1
1.2073432568023006 -1.1628659282969245 -0.2384826768582092 -0.025016633711435202
8 6 2
0.15370928156315672 -0.04035909797146061 -0.059850199850059994 -0.07983020985006
8 7 1
1.9363232418754361 -1.3920960625808436 -0.1520192447446015 -0.1586696303862185
8 7 2
0.33316735679554504 -0.14757487569858707 -0.14935156758246834 -0.24768917498635595
8 8 1
0.8441476427627267 -1.7596353662612307 -0.23306888049704966 -0.26032945867357654
8 8 2
-0.043784496047460486 -0.22623141212845535 -0.1788840799278068 -0.2762657802655034
8 9 1
0.5652860573701534 -1.7336448221036913 -0.33710858946817884 -0.28771883501804735
8 9 2
-0.10344691855870242 -0.21714254922272241 -0.2085860816014287 -0.20877416021701742
8 10 1
0.47992406579390035 -3.601514291019289 -0.9206540495322463 -0.7029207789583832
8 10 2
0.1577509285951633 -0.6363977168094096 -0.5008232410705823 -0.6920299985013868
8 11 1
0.4444184677630271 -1.2747876888755079 -0.23918863347212618 -0.26058219483403555
8 11 2
-0.14158750187495733 -0.21759705480942232 -0.21872466811235797 -0.24790122857312163
9 2 1
1.4896144861184344 -1.295405805232758 -0.2808868721014598 -0.16568998352642497
9 2 2
0.24845201664511915 -0.11794074346418247 -0.11943158705377666 -0.1294712281817589
9 3 1
1.7480167888659188 -1.3715744375645105 -0.29612567537614276 -0.2165377390876719
9 3 2
0.36839507275319633 -0.23597957646896403 -0.13918279366015818 -0.14558255474391774
9 4 1
1.6895889841610552 -1.3320368696075746 -0.24679869107902289 -0.16450130302998456
9 4 2
0.39825228009569524 -0.20471523876004863 -0.10968058929055972 -0.09932984514186413
9 5 1
1.9148833732334374 -0.9277613132885567 -0.2486594330090195 -0.27132122719886703
9 5 2
0.5232981022508285 -0.149038781559716 -0.08968061926056972 -0.10944379643294606
9 6 1
1.9749115584412156 -1.19654170520933 -0.17749773808810013 -0.12638560206365385
9 6 2
0.4127679804803225 -0.14631579400219186 -0.07980025981007 -0.08974038970012
9 7 1
2.5806254086566165 -1.198736034824589 -0.27090752734906653 -0.25057444987116523
9 7 2
0.7004873519223344 -0.3238339956768044 -0.08975040961021993 -0.10957224001467387
9 8 1
2.0832769736455026 -1.662760133325389 -0.296726031309143 -0.20824218240303088
9 8 2
0.5175510516965666 -0.2895155777298079 -0.21818950493563033 -0.218089992724225
9 9 1
1.4144991903572248 -2.0651665185378563 -0.3972083253674433 -0.40832323104575036
9 9 2
0.23568172198593235 -0.20117930935167633 -0.14931204585587413 -0.20828864855635698
9 10 1
0.7473237597945408 -4.178843706959619 -1.116658955632838 -0.9495256429418043
9 10 2
0.5630233966952171 -0.9657156974749301 -0.6166804679668183 -0.6583128395116098
9 11 1
1.3564671205169174 -1.8063097490074806 -0.30615854949532073 -0.17447766225444403
9 11 2
0.18214232598740315 -0.13692012290949665 -0.12957080905071966 -0.11947130792220845
10 2 1
2.604511883813426 -1.1175940861648086 -0.18778512804610872 -0.32025389356538003
10 2 2
0.9009691748497773 -0.19376424918454682 -0.09959093864130915 -0.2078474898982869
10 3 1
-0.8293249231454268 -1.1903405486788434 0.09465325512591656 -0.6213424713929718
10 3 2
-1.8751725711219587 -1.8720400780775 -1.8760170548149806 -1.8729617276356636
10 4 1
2.636980563421826 -1.0998942404276189 -0.15384550037469058 -0.16576457984386297
10 4 2
0.9756033644449059 -0.15730947791192676 -0.04992004999 -0.12604936289765165
10 5 1
2.764025817740916 -0.8878796971714081 -0.24115549170011807 -0.21321087979325623
10 5 2
1.1351784739466058 -0.17851509518960912 -0.07973049945035987 -0.14888417491755765
10 6 1
-0.8117808425236721 -0.8790831439318584 0.7553217348949574 -0.17777321984951613
10 6 2
-1.3780295517024 -1.3704388481886203 -1.3705049181347717 -1.3766187114787107
10 7 1
3.408324194906097 -1.153331455925208 -0.30137400940375003 -0.14410805686146497
10 7 2
1.6807652434106235 -0.25302177738704573 -0.05988010995001 -0.13928243443892968
10 8 1
3.355217031918758 -1.1718349255605949 -0.14307565310066392 -0.23965300690445226
10 8 2
1.3390224948376048 -0.18195685244335205 -0.10966059929055973 -0.17698245496158643
10 9 1
2.8386662216998193 -1.3561922429288968 -0.29299749166605576 -0.2744750995137555
10 9 2
1.1132151776623682 -0.25564905619635214 -0.20862547494032388 -0.20574789049557138
10 10 1
2.1523985090794633 -2.9636916365551755 -0.8921599014084254 -0.8359464446438426
10 10 2
1.8169694259593017 -0.8119176579156652 -0.22836749544006701 -0.7411079883644839
10 11 1
2.000939043242096 -1.2692375879888138 -0.23344540688072915 -0.1646967580694617
10 11 2
0.43143321486567066 -0.15926461742861198 -0.13935200586587412 -0.23707002363814644
11 2 1
-1.3675007173530491 -1.2323391990755508 0.47273547386532033 -0.2681706684891976
11 2 2
-1.4568557188204871 -1.490872299218301 -1.504811870718768 -1.4809566227633333
11 3 1
3.1444815652651763 -1.2281240406917073 -0.13221356947555574 -0.2036085252867774
11 3 2
1.4377784153573006 -0.21563227880584707 -0.17855707610931754 -0.1890526279959852
11 4 1
-1.0214392083844472 -0.8398105416813161 0.09396741003123835 -0.15896044549814972
11 4 2
-1.839711472424114 -1.979606624247037 -1.9821628878132507 -1.979382515955304
11 5 1
-1.1836311239193071 -0.7263685658584866 0.6663859436120809 -0.17317677224854047
11 5 2
-1.5972899828617646 -1.6132299736342453 -1.6212874508204804 -1.6136317459784224
11 6 1
-1.0014270010834314 -0.9463586436422652 0.677391704556772 -0.17129540529772186
11 6 2
-1.4306894527804217 -1.4718408574679045 -1.472390359550047 -1.4709102774440643
11 7 1
3.8216956130934103 -1.4094780191435443 -0.24159787563700902 -0.26908282757223134
11 7 2
1.9873738208669007 -0.29096876355825513 -0.21819945455947448 -0.21692369973396464
11 8 1
-1.472114438911289 -1.539287985940558 -0.3929670900919818 -0.8002525290704184
11 8 2
-1.4855798010291115 -1.489562403335236 -1.4953768312252698 -1.4978313594183175
11 9 1
3.229709753522376 -1.684123469992771 -0.3258377157248404 -0.22623260371860884
11 9 2
1.5928706046750336 -0.2581610142892354 -0.1394314277323584 -0.1885272650338639
11 10 1
2.9954423277929028 -2.785757379072278 -0.7335274556054016 -0.7967113825230602
11 10 2
2.8451219646175643 -0.7658017921416977 -0.15910284400901997 -0.5933237021431366
11 11 1
2.9447908551458766 -1.6614423888359338 -0.23842835056591802 -0.20791019717981601
11 11 2
1.347573453934159 -0.2247155669319913 -0.08981019990002001 -0.14908357063727679
12 2 1
-1.4092745897062406 -3.5810372755581543 -2.6349316232697695 -2.5675001003325546
12 2 2
-0.7596271155683642 -1.1546351039148304 -1.1665376323915184 -1.153246813342326
12 3 1
-1.6278477211546092 -3.635086778688988 -2.9520899302620136 -2.9162001666608637
12 3 2
-0.763791819247266 -1.0033703923988175 -1.005028154942218 -1.0140254107765074
12 4 1
-1.3844322166315548 -3.4595162601768683 -2.6076699651835686 -2.5217146723765556
12 4 2
-0.5339413113725865 -0.9011977127330171 -0.9028793043512745 -0.9500535008456343
12 5 1
-1.2633656690918798 -3.1738461008983294 -2.522344619779749 -2.364904053199926
12 5 2
-0.24055974758997947 -0.7332182326422283 -0.7184040081063939 -0.7174999958633832
12 6 1
-3.128982234983208 -1.264681428650487 -2.2970159969354786 -2.1658122764305094
12 6 2
-0.6123672937795416 0.8204433717710686 -0.3544364883202173 -0.4299685596503434
12 7 1
-0.9599173594070256 -3.8180553177839958 -2.621617719391639 -2.4714168788543893
12 7 2
-0.6653300337815874 -1.31579046380725 -1.2365768515937092 -1.259420014340394
12 8 1
-1.3394244185498032 -4.07163469632411 -2.3101597561956653 -2.3161388739435678
12 8 2
-1.2295394237300166 -1.322177679928654 -1.3064740015176972 -1.3439684550643745
12 9 1
-1.463612428166056 -4.597659564178194 -3.088278476115571 -2.73474725072875
12 9 2
-1.322804140004741 -1.4005434984738991 -1.380601512128892 -1.3890965768322168
12 10 1
-2.085840077066523 -5.228670142319475 -3.5979339974308604 -2.925075305460574
12 10 2
-1.1066582316852918 -2.6593713557570773 -2.152496043578535 -2.6464689371599515
12 11 1
-1.4270109437691818 -4.319318614558559 -2.5846870176984504 -2.486250833768302
12 11 2
-1.1487727156324565 -1.7217697594446462 -1.6685514623015896 -1.6855425244399591
13 2 1
-2.2155517073796993 -3.973369866490679 -3.4393647276669284 -3.3936859777802453
13 2 2
-0.8725727642475867 -1.2139344736080004 -1.218354126225522 -1.2186147485899923
13 3 1
-2.321960322597008 -3.9787503198516156 -3.33024577584883 -3.2552637267149436
13 3 2
-0.9726808525927301 -1.2378945413285056 -1.232169788809155 -1.2343837950472
13 4 1
-3.671302741846722 -1.9176656905373008 -2.803868071540845 -2.7975368457288208
13 4 2
-1.0111207419689856 -0.4480692523016543 -1.0276158424060586 -1.011176888372613
13 5 1
-3.9945944585628257 -1.6239517145895255 -2.416344170508181 -2.351468951830332
13 5 2
-0.9925180408943924 -0.09568890975981321 -0.7811903124766176 -0.796195574567434
13 6 1
-3.4031374443985767 -1.2635316810577752 -2.2360337580061658 -2.1651227472667705
13 6 2
-0.7729436905114148 -0.05176464197981212 -0.6871912172924073 -0.6959325751308943
13 7 1
-1.9862945527557423 -4.301783667025947 -3.2491681447849348 -3.1327824296637354
13 7 2
-1.0619800405771405 -1.60193208888456 -1.5756358741609562 -1.5749630341087915
13 8 1
-2.043645459268004 -4.668118001642084 -3.4150291495205476 -3.242184509547002
13 8 2
-1.7803143614747055 -1.8553928074808383 -1.85568814909057 -1.854078085430792
13 9 1
-2.6014013303914747 -4.729370127860161 -3.400958523835153 -3.3002543834792344
13 9 2
-1.5672270925988636 -1.9744378563932987 -1.9674552629909992 -1.9529069840139492
13 10 1
-2.7837641200886925 -5.66521750657889 -4.60429566232873 -3.432674559036989
13 10 2
-1.814488981517649 -3.191765002652486 -2.9496538043206058 -3.042331485287216
13 11 1
-2.542463822374236 -4.708135933334881 -3.321839843970755 -3.214418443588239
13 11 2
-1.5053205708050716 -1.997762838607219 -1.9971193634154316 -1.9978892675802853
14 2 1
-4.517800392730193 -2.975669941006661 -3.768247654435101 -3.669159890101055
14 2 2
-1.857277484722141 -1.9005147232560042 -1.9000821801587802 -1.9015774951576778
14 3 1
-4.0026235976566475 -2.3943269346338525 -3.1533150121321833 -3.0689742802301057
14 3 2
-1.5959898025360255 -1.8155072775167838 -1.8144789727817683 -1.8143367279550642
14 4 1
-3.8420614881825412 -2.007187698327454 -2.8372506324077307 -2.7509585088702107
14 4 2
-1.2739685922035977 -1.0744378999121469 -1.280120139387961 -1.2868469310700617
14 5 1
-3.7439406364794534 -1.5567860911401121 -2.391439156203276 -2.2607811144763366
14 5 2
-1.1023537953770906 -1.036665667491457 -1.1181581341858677 -1.1106444296216162
14 6 1
-3.35881220127422 -1.2712562095926236 -2.783444085805966 -2.687359375966927
14 6 2
-0.9024193455619175 0.037399614537465355 -0.913073132050437 -0.9167383171570607
14 7 1
-2.5804115334368207 -4.923285241467632 -3.7669428108051894 -3.629686032665502
14 7 2
-1.9171760303500676 -2.100511257446139 -2.098444140808048 -2.0951385105824394
14 8 1
-2.933675587466502 -4.688940648111278 -3.9009677756066914 -3.8505761327075336
14 8 2
-2.6899820428033197 -2.710501018165368 -2.713203636757277 -2.7331806012801114
14 9 1
-2.988797960166268 -4.955517947956544 -4.199198770967706 -4.028052866753169
14 9 2
-2.4691829695911034 -2.9015226855387235 -2.9011846313648837 -2.901068638072823
14 10 1
-3.2435327962458356 -5.870892402335832 -4.622748197651486 -4.06758003139458
14 10 2
-2.357024231272897 -3.7729946123767375 -3.862041210720613 -4.053049562285366
14 11 1
-3.2178119063621557 -4.662440606561951 -4.005533690437294 -3.8643324224551594
14 11 2
-2.2000644052020144 -2.5752508096286566 -2.582716790396791 -2.5753422550561957
15 2 1
-5.079707463050777 -2.807297054952487 -3.520170535459307 -3.5105897569389812
15 2 2
-1.68187370437427 -1.6708512829560993 -1.6983325798245408 -1.6904515568144995
15 3 1
-4.913487955205451 -2.3132313956901656 -3.1305888779684166 -3.083802441056888
15 3 2
-1.781115923292608 -1.7842843474577734 -1.7881078091240086 -1.7847378856123615
15 4 1
-4.148403985214937 -2.0424866767250087 -3.0481333869115086 -2.9235038591971834
15 4 2
-1.0102788575581187 -0.7972816425766531 -1.0105148743832932 -1.0147975352779126
15 5 1
-3.9714245778701 -1.9465771021696965 -2.4361349089906064 -2.367606241465623
15 5 2
-0.992670523791171 -0.47167929406307957 -0.9731058958818641 -0.981566322220364
15 6 1
-3.598910194655993 -1.4622447005159367 -2.485995302089766 -2.428492751761363
15 6 2
-0.557855661015594 0.06287017159277956 -0.3737476961335797 -0.37919136227360123
15 7 1
-3.4444687249492745 -5.297765232042229 -4.796634518711021 -4.692598620342478
15 7 2
-2.2999210517088606 -2.7948535389463207 -2.801525536922075 -2.7928335724886497
15 8 1
-3.901151554406954 -5.827499128005963 -4.855148136057561 -4.777768238380968
15 8 2
-2.6742744667849623 -2.876985663199938 -2.8728530943018797 -2.879802554283211
15 9 1
-4.065682970116932 -5.585219295063331 -5.1958256924879365 -5.120826076124867
15 9 2
-3.0334047496116816 -3.2965200568551625 -3.290655383067894 -3.300164396323131
15 10 1
-4.089370435365197 -6.301489924348982 -5.652175199460052 -4.902316203892602
15 10 2
-2.9183664453396405 -3.9845748627551156 -3.8851150542542543 -3.9230260997993693
15 11 1
-3.978621807541176 -5.32442622563778 -4.619994987424994 -4.572553870504715
15 11 2
-2.7339626106339745 -3.224220840034956 -3.2129039032663287 -3.2112420952358423
16 2 1
-4.958380203873927 -2.992041000931317 -3.3840107744437815 -3.3816513002024333
16 2 2
-2.2577640328766164 -2.004733136910934 -2.255328818465175 -2.2573455225753456
16 3 1
-4.5283996898200565 -2.4974936181503997 -3.232445043500814 -3.1664222650120637
16 3 2
-1.8835727710069003 -1.7845482972564664 -1.877270230518063 -1.8776313414232253
16 4 1
-4.491602768843742 -2.0463054606624387 -3.069229056517655 -2.998202049782752
16 4 2
-1.5013670482864243 -0.8150809551612463 -1.4779688255290289 -1.4730650062355897
16 5 1
-3.708309414286286 -1.4411591695703398 -2.40661529250862 -2.310303680346891
16 5 2
-1.3226765140988295 -0.49549957039360126 -1.3217608651621806 -1.323494610546927
16 6 1
-3.3277614540717533 -1.4849278969994288 -2.3955687504148737 -2.3981212206614333
16 6 2
-0.9741953304875801 -0.43861575493207916 -0.9560921080423398 -0.9711949443744418
16 7 1
-5.883277325433473 -4.341572981131101 -5.343989560110136 -5.3432544502221875
16 7 2
-3.2689507516790486 -3.280418416443657 -3.290636460617219 -3.2807583642178133
16 8 1
-5.749884810789803 -5.061483039910563 -5.638075538069694 -5.658577431438004
16 8 2
-3.5314055863764597 -3.521353223616058 -3.5306050372416853 -3.535282431259311
16 9 1
-4.845862025718519 -5.818995843439871 -5.4113924815193855 -5.411215128488793
16 9 2
-4.262573971232506 -4.366496295903837 -4.360279035956902 -4.369082341249357
16 10 1
-7.355466719543777 -5.085257097655106 -5.8986737993317995 -5.818179858395686
16 10 2
-3.816702598284809 -5.2466433105810175 -5.086242762949726 -5.39720223710879
16 11 1
-4.6580627786298185 -5.570010159574743 -5.172275566438241 -5.014636089117392
16 11 2
-3.5672055209732516 -3.7411869903112045 -3.744780292860946 -3.762013014988643
17 2 1
-4.407960745881751 -1.3274110304092992 -2.3528102193246387 -2.2487320470840007
17 2 2
-1.3714492288254567 -1.1529208437269076 -1.3646184834116482 -1.3673066126771114
17 3 1
-4.385082092267735 -1.4786543481555214 -2.022731376262721 -1.9913734162259404
17 3 2
-1.240578419952167 -0.7097027914910647 -1.2162344387822308 -1.2056418982543837
17 4 1
-4.045824189739672 -0.6319536296445045 -2.052726707302156 -1.910949881819653
17 4 2
-0.9956153563659194 -0.02498487643068207 -0.6771712144110138 -0.6944757811604025
17 5 1
-3.763449404248004 -0.23042068173502003 -1.6518567507337851 -1.4474165395728036
17 5 2
-0.8178668223105269 0.7037937086930334 -0.33457577847927333 -0.3323256903103205
17 6 1
-2.892234441938808 0.07369899985887321 -0.9501188219547054 -0.8738525792640446
17 6 2
-0.5558483398903395 0.82495396757838 -0.09963083874125918 -0.20762713193184007
17 7 1
-4.900983792011304 -1.1318464670249773 -2.183945654196789 -2.0911259641553044
17 7 2
-1.873830961365513 -1.3826139338623225 -1.6910881630230643 -1.692611344614383
17 8 1
-5.5111927404070595 -3.6993290421901124 -4.310942168730263 -4.190721919984428
17 8 2
-3.3653595217856207 -3.505258783597505 -3.5060610835871766 -3.4906534681039085
17 9 1
-5.997954027286393 -4.393546414136351 -4.885695259368146 -4.850387831318862
17 9 2
-4.116701982459708 -3.8898202338207786 -4.117895885901595 -4.124968573166449
17 10 1
-7.074145500204442 -4.066205410202739 -4.987868458800245 -4.784551293684369
17 10 2
-6.009030722482905 -4.166901336018767 -4.583606898393852 -4.580193264939797
17 11 1
-5.412689446832365 -4.3080805988991795 -4.781669650381362 -4.772439171710682
17 11 2
-3.5663574713349835 -4.1440668430157555 -4.141870501688884 -4.14259511340417
18 2 1
-3.290766888483015 1.4663055549986015 -0.7633825801239053 -0.2433221058705811
18 2 2
-1.019620664870238 1.5554087768279254 -0.03995002 -0.24809913927684202
18 3 1
-3.207484670036919 1.2216865577618379 -0.6916258982976793 -0.357483789968025
18 3 2
-0.9054972468656027 1.4816918886893335 -0.1094516467046154 -0.39477456004546585
18 4 1
-3.121759662555706 1.7392648478260002 -0.6900606149288938 -0.3334391301942873
18 4 2
-0.8388952091747894 1.5185720859157645 -0.049940039990000004 -0.3161914908700812
18 5 1
-2.9045159311105957 1.7662299308603997 -0.5344908406775026 -0.2772609246134557
18 5 2
-0.5362395455564146 2.472277511347761 -0.03998 -0.25687900662513
18 6 1
-2.1961875713107606 2.9225913017059466 -0.6303544617451188 -0.36700478436957573
18 6 2
-0.20280438361883024 2.980120096267826 -0.01 -0.02994003999
18 7 1
-3.5583013466949565 4.643656674814946 -0.6410312540785195 -0.3160969766436807
18 7 2
-1.5636790510885585 3.7392051856161963 -0.059850199850059994 -0.12935193584666205
18 8 1
-3.8456392201779144 1.0144601516567782 -0.7599002641143268 -0.6384474889545362
18 8 2
-1.679135260425199 0.6524190929406375 -0.5168980402439769 -0.5041999141296625
18 9 1
-4.927610831550525 -2.027297312508518 -2.5176839153803106 -2.4538284262009085
18 9 2
-2.54059314605915 -1.6187145718884461 -2.5298817707643297 -2.5336004781514356
18 10 1
-7.0060359224572375 -1.4986582684532537 -3.3312346908751183 -2.7677271123313765
18 10 2
-5.795222823280909 -1.8538370778883058 -2.510172412830282 -2.8907325434487543
18 11 1
-4.138870971774158 -1.021095832631377 -2.0555253772243085 -1.9510152381596146
18 11 2
-2.3905536441809576 -1.3873883196366408 -1.5355518740279077 -1.5460999255213388
19 2 1
-3.1664281161741736 3.803846697978933 -0.5275280160750689 -0.20480564735185464
19 2 2
-1.1483602381116327 3.121476030554025 -0.029970010000000002 -0.04970079875125917
19 3 1
-3.087737486250919 3.898410867238226 -0.6934141966906744 -0.34379709073821063
19 3 2
-0.7300065515050433 4.175578013194252 -0.019305511248159282 -0.0994420147897963
19 4 1
-2.898115241732562 4.08546524494056 -0.49334814494259865 -0.20901919680582146
19 4 2
-0.5199703350512158 4.301089221962622 0 -0.11846399080130954
19 5 1
-2.6984838798154485 4.164192747715646 -0.5998351731534418 -0.30090974916110397
19 5 2
-0.7752670583601199 5.1054523179015225 -0.02 -0.08744552691749972
19 6 1
-2.1873747251997457 4.7995684471678315 -0.6439871190209157 -0.22237390263817336
19 6 2
-0.5317185811438826 3.7245703345704118 -0.03994003999 -0.04984020985005999
19 7 1
-3.2220947976943286 6.1957697028412415 -0.4750272127824986 -0.18554086098548656
19 7 2
-1.3908892464379898 5.693681042117882 -0.01 -0.03649271800095047
19 8 1
-3.0016254468960346 5.936244014562193 -0.5132810771470719 -0.10297572304099427
19 8 2
-1.274031587779666 5.183561141793788 -0.01 0.0
19 9 1
-4.196534765922406 2.4911969610305396 -0.5958928040175183 -0.27781622262453287
19 9 2
-1.589611081014794 2.1176148659086538 -0.01 -0.07959531964478504
19 10 1
-6.534810687443207 0.8383591791905053 -2.117706702780089 -1.274904906798308
19 10 2
-5.735530515071001 0.518751326872801 -0.21776414730023563 -0.45932000891613883
19 11 1
-3.352214000116331 2.70238319153678 -0.5240122198100959 -0.4074876534247812
19 11 2
-2.1320407350834008 2.636817462936705 -0.02998 -0.44181574751630004
20 2 1
-2.2308839077719766 6.656061519785955 -0.06957443810971803 -0.039230649179843514
20 2 2
-0.7923473841680067 5.420902465882681 -0.029970010000000002 -0.00997002999
20 3 1
-1.301907075332472 6.559321937216544 -0.06929018057024203 -0.03994003999
20 3 2
-0.6729301378288512 5.4036109379711945 -0.06978034965020993 -0.04975054930055973
20 4 1
-2.067194048110913 6.598499160909395 -0.0468266872562667 -0.03992008995001
20 4 2
-0.5962257862292444 5.367491047155074 0 -0.04568711118346805
20 5 1
-1.6985622954934285 6.424311545967581 -0.11779075452101896 -0.029960049940039993
20 5 2
-0.5406220916829442 5.524549435017905 -0.039017956861602414 -0.059845280653315805
20 6 1
-0.152906171735397 2.1482068295815004 -0.019989980049960013 -0.04673149178812154
20 6 2
-0.3313971589947378 3.76937295033019 -0.01 -0.00997002999
20 7 1
-2.954750292433698 7.817120279832928 -0.05778931257082781 -0.029970010000000002
20 7 2
-1.2664528701613962 7.088177959445054 -0.01 -0.016882847649465016
20 8 1
-2.830840539918659 8.044691987588093 -0.03963044392642632 -0.049900099950010005
20 8 2
-1.1574053124313683 7.0526707752217215 -0.01999 -0.01995003999
20 9 1
-3.042566846452949 7.437499012604608 -0.027470079397134334 -0.03992008995001
20 9 2
-1.412979380529378 6.612757059213102 -0.00999 -0.014652346197380258
20 10 1
-5.397497449471365 5.490527883577815 -0.21801501494728093 -0.09532726296030522
20 10 2
-4.375773925386403 4.653059999839236 0.0058800574734506495 -0.05026069460275668
20 11 1
-2.6727925565666504 4.99155069023922 -0.019970069910049994 -0.42715421184817653
20 11 2
-1.6117550484517702 1.2484231764902516 -0.13948120813196863 -5.549791131122155
21 2 1
-1.1787905296732495 8.700500335144042 -0.06374893221720429 -0.12181312772166111
21 2 2
-0.5248841067150501 8.743007542399376 -0.01 -0.08415562822618433
21 3 1
-2.0668980556015826 8.904894130963234 -0.1685982431556291 -0.061283059449954866
21 3 2
-0.7641652844865785 7.943717235009477 -0.01999 0.010039850199850063
21 4 1
-0.8383226770281802 8.931246580030045 0.14227778916566894 -0.09183543989889428
21 4 2
-0.3648578119258596 7.202748913671887 -0.029889610460382368 -0.028460067372429558
21 5 1
-0.7708146366195051 8.839369894125609 0.012352841423859028 -0.042167228893591424
21 5 2
-0.6293081447559957 9.275280840211558 -0.01 -0.08661686838489975
21 6 1
-0.22667433320816846 8.851150787428056 0.20715326486098 -0.05156091296770689
21 6 2
-0.29901672991924494 8.88651898504847 -0.01 -0.20330545957738977
21 7 1
-2.4638628114860475 9.080219108373557 0.03656101029091574 0.019940093439620634
21 7 2
-1.4770309578652667 9.103499322983263 -0.01 -0.12441307087991388
21 8 1
-2.0409731866845844 9.492504602062063 0.1111869058046601 0.04251502212442294
21 8 2
-1.025305048145651 8.364122624057039 -0.01 -0.02
21 9 1
-2.6569893138515503 9.427846788454554 -0.1461233349207363 0.06385503682848997
21 9 2
-1.5073380088904178 8.394395399673458 -0.01 -0.029930049989999995
21 10 1
-3.6791105865064084 9.469818627346477 -0.08301585644685733 0.16662674123352889
21 10 2
-3.541776786425437 9.200580185815975 -0.007071511800021553 -0.22444876645995093
21 11 1
-2.2326997550387016 8.75876318021572 -0.1384807402944505 -0.16867909240570245
21 11 2
-1.5673334927635865 8.957560536660232 -0.029989999999999996 -0.19706970987188968
22 2 1
0.039408813811383996 -0.018393891614382606 -0.026077572564171137 2.8149791627928904
22 2 2
0.019399530474989816 -0.059830220397226984 -0.03994003999 -0.03996001
22 3 1
2.654815277016303 0.007823381606850508 0.0142770950132992 0.0002568598104672887
22 3 2
8.93814688635439e-05 -0.01 -0.02 0
22 4 1
2.7237911555451784 -0.06033299909639452 -0.0002937500610840941 0.006678170032464986
22 4 2
0.0006269251266155442 -0.01 -0.01 -0.01
22 5 1
0.04020864724409288 0.09523090133682231 -0.044315780626722194 2.9138366354818657
22 5 2
-0.02634416896419646 0.16231384590733142 -0.02998 -0.02988509636129738
22 6 1
-0.011859476611329432 0.02841800279116579 0.04271049240377274 3.049575983293643
22 6 2
0.041135310559032925 -0.039713147673468535 -0.029970010000000002 -0.029970010000000002
22 7 1
0.017178281001603173 -0.020999431813252933 -0.03130015388570528 3.4476507666782727
22 7 2
0.07086851025631699 -0.06968071899095936 -0.02 -0.029989999999999996
22 8 1
3.1499391770004785 -0.14669707753237138 -0.05197970499598349 -0.023145839704763936
22 8 2
0.0003375929679321535 -0.01 0 -0.02
22 9 1
2.778528659804595 -0.09024955704272167 -0.032055227339570135 -0.02605619735482405
22 9 2
0.0 0.009980000000000001 -0.01 -0.01
22 10 1
0.043941014990405244 -0.07953693552890556 -0.03632646632434043 3.890077664243236
22 10 2
0.1926903374728701 -0.15664688794291465 -0.08977032974010998 -0.09967059929055973
22 11 1
0.01367835899666881 -0.14565915321181194 -0.010482368743957941 2.3020504732210667
22 11 2
0.0144331931638508 -0.019990039960010003 -0.01 -0.01
23 2 1
1.4795717935660837 -0.7664960963042793 -0.12599342471569802 -0.16737330958531305
23 2 2
0.0914401438428423 -0.06896682886509478 -0.03996001 -0.03990007998
23 3 1
1.5411929888408922 -0.4660998426464524 -0.12966400604156722 -0.045954757219498724
23 3 2
0.023174676620952694 -0.029534846771877184 -0.01 -0.01
23 4 1
1.5138785696910357 -0.3611330357529168 -0.07884277695402768 -0.049444209807590955
23 4 2
0.03627625599393551 -0.07973050938056951 -0.029970010000000002 -0.02
23 5 1
1.5437331032669508 -0.5330617988456638 -0.12298278070738036 -0.06628750674318355
23 5 2
0.17848088277045407 -0.027247539128629664 -0.029970010000000002 -0.06986014989004999
23 6 1
1.7749425720720564 -0.4640990375869839 -0.07540398007580934 -0.031468176265964425
23 6 2
0.10060563735572803 -0.038396657930225765 -0.02 -0.049930069960009996
23 7 1
1.9952409615783686 -0.9615868327070093 -0.07808231368291717 -0.14466070273775689
23 7 2
0.10819677848350552 -0.10928268345119616 -0.059920049989999995 -0.04990019964039975
23 8 1
1.6133937136837735 -0.5319457991999067 -0.1481646183201424 -0.02604938645341679
23 8 2
0.05486450117485778 -0.03988012994001 -0.02 -0.05991006998000001
23 9 1
1.5923993866791795 -0.7471069244157196 -0.15220346417846528 -0.17665815598614193
23 9 2
-0.01296236270919591 -0.1096207191606197 -0.10953114817195861 -0.11964059940036986
23 10 1
1.5071610635263948 -2.523505855991893 -0.36844194028851424 -0.31659965329209444
23 10 2
0.3647793234378832 -0.3509831277788893 -0.20836754623463444 -0.36312236591882996
23 11 1
1.22046293739583 -0.6775873923781521 -0.09718512681716374 -0.08127313259311998
23 11 2
0.11367208768760789 -0.039830309710169945 -0.02 -0.029970010000000002
24 2 1
1.5081452714536898 -0.5349806479809143 -0.13280371003706404 -0.1253788030990452
24 2 2
0.05321362520039868 -0.09925336989185415 -0.08966070910070967 -0.09955132305837902
24 3 1
1.3957804197449475 -0.7453923883072994 -0.10945293900057135 -0.09694234759112541
24 3 2
0.07421751110236498 -0.059919771187413505 -0.03996001 -0.05989013989004999
24 4 1
1.4405717646454776 -0.6611279141760569 -0.08625699369061687 -0.06884391856524218
24 4 2
0.009021966087930816 -0.06961206955283605 -0.06980029975010998 -0.06979034965020994
24 5 1
1.506151874817662 -0.4592327057543021 -0.1408901256963501 -0.10856015055714265
24 5 2
0.13650947955939746 -0.059511914640704544 -0.03995002 -0.03998
24 6 1
1.5846074360025473 -0.5027138261528771 -0.053960940661287725 -0.13418454610249533
24 6 2
0.06460267869854351 -0.13841057163628145 -0.1094516467046154 -0.10949157672463537
24 7 1
1.8468516584152128 -0.741202349857003 -0.15810335243333842 -0.1458903942978761
24 7 2
0.16092860132258655 -0.08887506753738639 -0.07979029975010998 -0.08970056930055972
24 8 1
1.4971727834191155 -1.0175235392701982 -0.2019532934778385 -0.1911056513492843
24 8 2
0.01852344182394868 -0.01992999059817296 -0.02 -0.039920109900049995
24 9 1
1.3297536629156683 -0.938834013890374 -0.16605058175978749 -0.08113165275980747
24 9 2
0.05435525209331484 -0.03892526493326797 -0.029989999999999996 -0.029989999999999996
24 10 1
1.3021149844283832 -2.224504890822228 -0.5521423848847516 -0.3347383513432524
24 10 2
0.46015069575814577 -0.2792542501668483 -0.12933198610532481 -0.25723804904818376
24 11 1
1.3179638330488315 -0.5864880887929537 -0.13433672055187906 -0.09821844678811267
24 11 2
0.0807853168202284 -0.049900099950010005 -0.03994003999 -0.03997001
25 2 1
1.2710296033126671 -0.43725374104769854 -0.09640198297966812 -0.053594989686935476
25 2 2
0.137155506607336 -0.02914009463559563 -0.03994003999 -0.07970048954025992
25 3 1
1.3558265278554327 -0.5134575450061372 -0.08766769009393897 -0.09474375393681979
25 3 2
0.03903873859078813 -0.039910199640399754 -0.029970010000000002 -0.03995209182688601
25 4 1
1.3428363037203248 -0.5025319931644995 -0.1125402239378753 -0.1074234896854473
25 4 2
0.043395916257955 -0.08929476020918667 -0.07973049945035987 -0.07973049945035987
25 5 1
1.4383665124052618 -0.5844001257352002 -0.09857378463537898 -0.11710854021991912
25 5 2
0.17850689066864636 -0.12438933760101542 -0.06979034965020994 -0.08949163644540413
25 6 1
1.529958540001605 -0.5620658266083319 -0.11751732119043681 -0.07452360055490977
25 6 2
0.15398889923734002 -0.06970684651103481 -0.049940039990000004 -0.039583538559984886
25 7 1
1.7191569770752322 -0.681497287569393 -0.09887721172819523 -0.05242888332640515
25 7 2
0.17513671702064604 -0.1191739152361227 -0.07985013994001 -0.06974051940039987
25 8 1
1.5329014762821143 -0.9124077187393445 -0.16694777867838273 -0.059423674010728275
25 8 2
0.038055889700106704 -0.08869740010476576 -0.08977035965020994 -0.08977036964020993
25 9 1
1.2766928337225443 -0.7682035591390419 -0.18529317745173068 -0.13821416141750179
25 9 2
-0.012518089729593505 -0.10908459424945527 -0.10963071910070966 -0.11949130768286755
25 10 1
1.3911271800434455 -2.3723145036352635 -0.45309413189348563 -0.4038890661982109
25 10 2
0.5341898531686674 -0.3757799482868316 -0.22815999147134045 -0.31664385711877285
25 11 1
1.190025984503657 -0.766587041936093 -0.1702773813876817 -0.10487522387449999
25 11 2
0.11463514520632859 -0.09208885323366076 -0.08978034965020994 -0.10961096838180866
26 2 1
1.2899141385626123 -0.716132801689871 -0.13955126980437538 -0.17585350313549786
26 2 2
-0.050378409452704484 -0.18312443947886375 -0.18835878729043676 -0.18955848103268183
26 3 1
1.2333614576617942 -0.5683544044296599 -0.13708490751983257 -0.05730834780783582
26 3 2
-0.02534487713630935 -0.09801449685579068 -0.09955119790251792 -0.09937251302641258
26 4 1
1.3244841075048697 -0.6734004260830003 -0.0978003701206638 -0.06807359673065566
26 4 2
0.055186233860990544 -0.03884239041964143 -0.03994003999 -0.03995002
26 5 1
1.375796282335919 -0.3692950220347212 -0.06056189577957524 -0.09549935613227038
26 5 2
-0.08621356381474479 0.3439618744437984 -0.01 -0.04949065008476526
26 6 1
1.453463902248917 -0.5450486322774637 -0.13557106639328997 -0.16660294987863344
26 6 2
0.14170397729857576 -0.04981983419590585 -0.01 -0.03997001
26 7 1
1.5907587317332146 -0.563936585179171 -0.16792878126022814 -0.03851939607618913
26 7 2
0.18298061796748016 -0.06945360172962765 -0.04993003999 -0.06988010995001001
26 8 1
1.4314532744708341 -0.9469737803400421 -0.20173017426626708 -0.09801407923126351
26 8 2
0.027240966317837838 -0.07946305814213572 -0.07979026981006998 -0.07984019985006
26 9 1
1.249044398973716 -1.0497025534747515 -0.15359405718238966 -0.145154631101905
26 9 2
0.034353129992317 -0.06426356530307736 -0.06979034965020994 -0.06971088800350532
26 10 1
1.4111650471475152 -2.475711068889376 -0.48834082827308706 -0.29595107192486986
26 10 2
0.6482112066343321 -0.2845850573798258 -0.1491431323035523 -0.2263738334726718
26 11 1
1.0914646670618622 -0.6905858013044518 -0.2620873644134493 -0.16933134029331107
26 11 2
0.0692434611050279 -0.10128099944718645 -0.07972045579067294 -0.07984019985006
27 2 1
1.2234426008774966 -0.527650852574787 -0.11506628074134032 -0.11511736085882442
27 2 2
0.15936495042462734 -0.11467552014017261 -0.0995809885414091 -0.09960083897076964
27 3 1
1.0961976326383804 -0.5037965898066993 -0.0739709231443471 -0.15654098731418611
27 3 2
0.059462730278705155 -0.08850980262945905 -0.08965076895090951 -0.08758028296955689
27 4 1
1.1611074092161815 -0.46381430116825945 -0.2195839827621929 -0.14709836919328376
27 4 2
0.024095391309573673 -0.10445824396293536 -0.10957093267469192 -0.10938199566677224
27 5 1
1.2909821265762904 -0.6118071910504306 -0.1634192599497259 -0.14710640006257003
27 5 2
0.16696599193963008 -0.18573004075574412 -0.17863677626175645 -0.1888446072456315
27 6 1
1.301329804561015 -0.5928236114569279 -0.18632447960381254 -0.16789865053290953
27 6 2
-0.15475317906974037 0.3998008603244109 -0.14906365999999002 -0.1452915096744906
27 7 1
1.6440818032952274 -0.5112626216856362 -0.0824107631145443 -0.20528717231839588
27 7 2
0.262925886811425 -0.15653585591612604 -0.10953110835161894 -0.11927275306211495
27 8 1
1.3821087674664927 -0.8009864804900774 -0.19676702803418641 -0.13312108792604185
27 8 2
0.09611807523818224 -0.147620999553766 -0.14909363000999 -0.15878852020925058
27 9 1
1.1301660774776894 -0.7745026717669627 -0.14707565799817282 -0.17782570109235477
27 9 2
0.19778176847073023 -0.11817801965031052 -0.11939179650476534 -0.11957083899075964
27 10 1
1.2133927359474543 -2.135725678847784 -0.5308247279312936 -0.30937515351968736
27 10 2
0.795124460429932 -0.3062892245012461 -0.16879513498222742 -0.17784707831500132
27 11 1
0.8882228705019135 -0.5328561076542097 -0.16003950355691918 -0.13822303331827798
27 11 2
0.05567523471952686 -0.18861668726723008 -0.17896386027745695 -0.18908282403900997
28 2 1
-0.7068937752367278 1.3218538309387444 -0.13290576744406027 -0.14689416143561837
28 2 2
-0.07215534296202833 0.875888743669573 -0.07972055930055974 -0.08958119789251791
28 3 1
-0.5687450400068864 1.6878354746709758 -0.09076287465427714 -0.07378340349706332
28 3 2
0.2374082106529461 -0.08831315147199757 -0.08965076895090951 -0.08932445945183358
28 4 1
-0.5731781608257495 1.7247149816788159 -0.0223067406000693 -0.05440097230159661
28 4 2
-0.09511956049633351 1.0693952609916002 -0.049900099950010005 -0.049800449400509726
28 5 1
-0.6385500245894645 1.8113832572972723 0.006272819719679304 -0.1452215059646804
28 5 2
0.593723032309506 -0.04827981995667257 -0.049900099950010005 -0.05986015991002001
28 6 1
-0.4762623668207571 2.4242356839199104 -0.01781218265774505 -0.06817336083644049
28 6 2
-0.2659365879127047 2.0258882499760693 0 0
28 7 1
-0.5381447034754779 4.2241903551464235 0.010595982501185153 -0.05046362020935702
28 7 2
-0.19739469361350045 2.5647386778224437 -0.01 -0.029960009999999995
28 8 1
-0.870343515377027 1.1977441344877624 -0.1250477290507222 -0.07923919308041173
28 8 2
-0.1685492325815886 0.04690023424965726 -0.17847812948549469 -0.17866589221938348
28 9 1
1.0628712531760587 -0.6829038413154535 -0.18597037719142928 -0.1958973892377775
28 9 2
0.18334348206838647 -0.23143619341997765 -0.22796136568935543 -0.22714397342135226
28 10 1
1.1615557856331373 -1.8669080404506022 -0.4895876411161456 -0.4174374939070166
28 10 2
0.78546641637349 -0.395494923151851 -0.33584437078078566 -0.3918606305349497
28 11 1
1.0790420506725138 -0.3884167697019428 -0.12770568468045457 -0.12279870456029952
28 11 2
0.22132663023577714 -0.07731373858828204 -0.03996001 -0.037550237558921756
29 2 1
-0.5430267943261384 3.760043222097766 -0.007843673863057706 -0.029145348296913745
29 2 2
-0.0908224305832358 2.189488530821894 -0.029970010000000002 -0.019970282481925453
29 3 1
-0.6409014874435479 3.992458030078562 -0.10343242744157154 0.015444822141621134
29 3 2
-0.20501749715000833 1.4015407958738253 -0.02 -0.049940039990000004
29 4 1
-0.511381314842968 4.298438199884307 -0.1115535866598937 -0.0364561159133782
29 4 2
-0.20034886958701248 1.9786951936541437 -0.01 -0.019910069980000004
29 5 1
-0.47433846689680664 4.118712599589412 -0.038060578388908625 -0.08899882472109917
29 5 2
-0.13384094576693395 3.112441294317106 0 -0.058002420160171556
29 6 1
-0.4551712475056514 4.789525870203721 -0.0269131968032498 -0.05144503243772968
29 6 2
0.6916643714730084 -0.12747579385543212 -0.029970010000000002 -0.029900169850059992
29 7 1
-0.3535078148798444 6.040184947047282 0.014920430733465176 -0.04332504541994303
29 7 2
-0.1532995694166955 3.3387858112182016 -0.01 -0.09957094864130916
29 8 1
-0.4008730584451756 5.477333962440888 -0.10391299890912811 0.0038836114611043434
29 8 2
-0.1974119514878151 2.143789583589969 -0.029989999999999996 -0.04942281105191185
29 9 1
-0.9040440686659855 2.764563316052078 -0.09139461201035678 -0.07516466746721936
29 9 2
-0.23740233197262148 1.0678337471731572 -0.06984019985005999 -0.06979034965020994
29 10 1
1.2769841196784164 -1.1149907488836497 -0.22872775149561392 -0.1927471020465663
29 10 2
-0.9385829118238003 1.1368384418447395 -0.13918291282286288 -0.22711897495970715
29 11 1
-0.6108196509747091 2.4970078270961356 -0.06959035564460012 -0.06671346550009256
29 11 2
-0.18924847032042114 1.041441189951124 -0.09955119790251792 -0.10153552867043458
30 2 1
-0.44378994823969475 6.385861133646733 0.07090333221451636 -0.023715661329997192
30 2 2
0.9174130802002342 -0.07972053945007063 -0.03994003999 -0.04985019985005999
30 3 1
-0.7747035601788298 5.297075079205222 0.007613892839392263 -0.03636311724137323
30 3 2
-0.12704557966308008 3.4627607810292793 -0.01 -0.01
30 4 1
-0.5623885209201256 5.750884824799705 -0.05148127235182779 -0.057750596942458515
30 4 2
-0.19205319934763346 3.626330059770037 -0.01 -0.04996001
30 5 1
-0.4187821700821602 6.413688104238566 -0.0059963976141328285 -0.04749514720867268
30 5 2
-0.03475834241866103 4.138189084883154 -0.01 -0.01998
30 6 1
-0.641527693727267 6.794980130134355 -0.06066267505039215 0.02669490984741597
30 6 2
-0.12008828267310384 3.986429140964264 0 0.01048823255067179
30 7 1
-0.3348387664341152 7.500984608273362 -4.68276438784377e-05 0.01669579858309501
30 7 2
-0.12190121272197262 3.8385858037717444 -0.01 -0.01791438977310165
30 8 1
-0.803321783381019 6.458598391759718 0.0233546013407479 -0.04957377170758247
30 8 2
-0.06602296232426175 2.660529732538845 -0.01 -0.008443914439292525
30 9 1
-0.9137771250007952 6.048865485751086 -0.00646849753126449 -0.056776336547770485
30 9 2
-0.19362402664660538 3.9492155848886985 -0.01 -0.008180278030536057
30 10 1
-1.5930024018255753 5.456140260117627 -0.09640039078453927 -0.14379688138719168
30 10 2
-0.9900935727798437 5.005299485143623 0 -0.0971143441824418
30 11 1
-0.3380623404793526 6.3645120698862305 -0.03726133560622553 -0.10736639866883527
30 11 2
-0.10741745888541715 3.2988601983599337 0 -0.059810259810069995
31 2 1
-0.14397848469396868 -0.19882458920246082 -0.19446434488866307 0.2320396401718426
31 3 1
-0.23352054545903514 -0.2686898608936723 -0.16343744751270972 0.2565516129059272
31 4 1
-0.2079586697857418 -0.2623395800338278 -0.16058376516906842 0.24010031992212172
31 5 1
-0.1315317984648643 -0.21753647726193176 -0.1674553503057967 0.3319305847718286
31 6 1
-0.26217957555304794 -0.27484641445140195 -0.2677779992767337 0.20206405351086826
31 7 1
-0.19140214577397702 -0.26151878929938976 -0.09859134661918816 0.6100135990874282
31 8 1
-0.21962169166709955 -0.36239325137185235 -0.15716656177640936 0.24926091708110304
31 9 1
-0.30343752039935346 -0.4303359752166766 -0.3320411839354432 0.34542328320460136
31 10 1
-0.3955223278437466 -1.006780012833812 -0.27202980951833095 0.5883055653961385
31 11 1
-0.2315734931017296 -0.2936916643119934 -0.21644690791818688 0.16686998502868694
32 2 1
-0.2956785599701343 -0.284017842962186 -0.30088006302005255 0.16144161419254738
32 3 1
-0.22659324935111771 -0.24397609936519418 -0.1734968533722275 0.253777470085182
32 4 1
-0.08167897436794183 -0.2781169835853362 -0.11608261931019008 0.21418660547301013
32 5 1
-0.16389870342407942 -0.13010257035016118 -0.13303848856448647 0.3022591826658645
32 6 1
-0.14237146269385173 -0.2076735349936202 -0.11806653416038501 0.2504851987182632
32 7 1
-0.18873707751686847 -0.3031244790730894 -0.12694253700579983 0.5735149690510306
32 8 1
-0.3215349653738618 -0.39014464851530584 -0.2343465888750652 0.25999154002816627
32 9 1
-0.22215217935051215 -0.4223473366325051 -0.1861811201101644 0.3859347952910408
32 10 1
-0.42282963723896183 -0.8749001201578163 -0.33825958114079624 0.569678923407027
32 11 1
-0.23598590587419846 -0.3271799533865423 -0.2258044638661968 0.1603878079640978
33 2 1
-0.24885291111390714 -0.26166469991765057 -0.2321281956338509 0.1643655856079999
33 3 1
-0.17426078943114917 -0.17406164978860417 -0.13963011417854715 0.22081165222753793
33 4 1
-0.18809115486758604 -0.11818495454628831 -0.1790655888290399 0.22306947594355056
33 5 1
-0.1060029991514144 -0.11098493901395781 -0.11156905920410541 0.26348038267434437
33 6 1
-0.25687814133023595 -0.2295130143528764 -0.22158593705130727 0.1616912266499435
33 7 1
-0.2722482992537201 -0.29553111520259645 -0.26173947849315815 0.551294484279328
33 8 1
-0.20162230727178596 -0.2825664967868719 -0.18285591415546482 0.23224861267144065
33 9 1
-0.22175106099502914 -0.3343896567678331 -0.20649809022686588 0.363347074328342
33 10 1
-0.6608823270050975 -0.9956409782229042 -0.4861725070292884 0.540634525464206
33 11 1
-0.19276725124938746 -0.33434513299836577 -0.10894423629294857 0.19974071240826122
34 2 1
0.010854361071443903 -0.04738608103502966 0.9460479260427531 -0.019640088235493996
34 3 1
-0.08103852648808743 -0.08795580971567826 1.78524235841576 -0.0742478131296825
34 4 1
-0.12074726567305144 -0.008681704206325335 2.0170731789581433 -0.1062686422984707
34 5 1
0.013289357130752705 0.021034746805410086 2.0200117310870724 -0.009966576401272423
34 6 1
-0.10583803471597386 0.17241708352094898 2.3199509142517067 -0.028084474997611904
34 7 1
-0.03315796131118853 -0.1015487798851111 1.60054782943132 -0.00999001
34 8 1
-0.13452996410410273 -0.20555059510919604 1.151010029958658 -0.1414926820120913
34 9 1
-0.13364443457303427 -0.29355877531970076 0.6968620988303935 -0.02757884389719679
34 10 1
-0.3879733686049376 -0.4890804500751983 -0.32939986514125735 0.5997872121594624
34 11 1
-0.18317730432074492 -0.1795567502654177 -0.14537656745109628 0.16364371949871612
35 2 1
-0.12678691058402994 -0.2971730370228634 -0.13664673635866778 0.16931684528985785
35 3 1
-0.13326404646819867 -0.22872659865196332 -0.15693099806389185 0.2155896167819218
35 4 1
-0.15459081069940428 -0.39750825492729513 -0.07898603668653277 0.2590231825565356
35 5 1
-0.1758509607583992 -0.19059954868742388 -0.12366842201760316 0.24201384547517082
35 6 1
-0.11400184368998617 -0.29272550103443346 -0.09643269436941773 0.23852518015873797
35 7 1
-0.09363421446146976 -0.28575878316611447 -0.05803435885001665 0.5711099421051559
35 8 1
-0.24554367122354967 -0.3720288419805627 -0.203921863488198 0.24958679345759915
35 9 1
-0.204463759351682 -0.324587786052183 -0.17599581140281234 0.307637568554925
35 10 1
-0.4547762968670409 -1.186340906296424 -0.3042889669751343 0.4706332779491988
35 11 1
-0.12571592959823025 -0.34970841960091076 -0.10861144656351793 0.19881353764995624
36 2 1
-0.19502555515042172 -0.31194307371793056 -0.1667058517051547 0.16849488634327292
36 3 1
-0.08855350952449587 -0.2640943095350876 -0.0990061240130728 0.2459603160915336
36 4 1
-0.11475569959570525 -0.26485163169683734 -0.1250854405836065 0.2381668134542793
36 5 1
-0.1349507919087068 -0.24068827366244064 -0.12833669048891755 0.26855605983295994
36 6 1
-0.14185994960016401 -0.34494788551185285 -0.11798535984487019 0.27825766208161706
36 7 1
-0.13441924480701337 -0.3639976872433079 -0.0691250491379017 0.550878667549902
36 8 1
-0.2229664848727381 -0.4097494304998353 -0.18716996634936894 0.21732935748956528
36 9 1
-0.13682929542438238 -0.3779628638593608 -0.1284439997890038 0.2901338053318069
36 10 1
-0.44154050182801874 -1.313648976040223 -0.24026518750478026 0.4398725224719916
36 11 1
-0.11871930348228325 -0.3742815752389789 -0.0890281197326986 0.2141668424006475
37 2 1
-0.15494552092406183 -0.47709546590876734 -0.07931681994254354 0.4816559335394892
37 3 1
-0.16325724053807344 -0.3190088742194481 -0.09843889826743349 0.5875033483422242
37 4 1
-0.17259870450180073 -0.2352394503866912 -0.064299424599615 0.6157045931376571
37 5 1
-0.08359690624667893 -0.19101178506614708 -0.06810973353253785 0.618135729353041
37 6 1
-0.17319007532831843 -0.39533139657591465 -0.09950154680456538 0.8501978553377105
37 7 1
-0.13488577904704532 -0.4508163523912137 -0.07948200703788892 1.3841170944987846
37 8 1
-0.20502139461156232 -0.5355367895746703 -0.08903634562062682 0.5882075135238928
37 9 1
-0.1444793478449562 -0.49624315722772916 -0.09756101949258322 0.3778123154090857
37 10 1
-0.632266029312848 -1.6018839029071357 -0.2667500067024782 0.4154031992174943
37 11 1
-0.06766124885705022 -0.374805003224286 -0.05951061462024185 0.2400323535410326
38 2 1
-0.06726076023904229 0.9917225829572142 -0.07499739184286455 -0.043559371598503344
38 3 1
-0.13853660117220865 -0.40010367223843946 -0.07940438971312624 1.3525889898942989
38 4 1
-0.13757947026584635 -0.3598338503440064 -0.08268229594091253 1.1841136287998946
38 5 1
-0.06878326926075194 -0.42790038353148957 -0.059730718841209174 1.3390777359384631
38 6 1
-0.04935050816895268 2.4190751333884344 -0.028354928341759393 -0.04818265949818469
38 7 1
-0.07230978605860301 2.968150878928921 -0.01257959757059002 -0.02997997005996001
38 8 1
-0.1313679047437941 1.0520779111259888 -0.03903019068798204 -0.035905241213154415
38 9 1
-0.07840692307787989 -0.40600207048571724 -0.06880139780381384 1.0202282925414026
38 10 1
-0.5247313319818833 -1.3908650728132974 -0.2491445272697479 0.6969097982881378
38 11 1
-0.10471566805430048 -0.26283889957407286 -0.059740479580000415 0.7347836283525889
39 2 1
-0.8458393562546475 6.302089724353186 -0.6172771307358372 -0.24937232148784116
39 3 1
-0.9909822165374162 6.541805282936587 -0.6252010713011422 -0.09482288981351358
39 4 1
-0.705445298939149 6.522149789094745 -0.41908402278929213 -0.13154137337234723
39 5 1
-0.829927479707497 6.9035039552190876 -0.2895725189893519 -0.12548536234372973
39 6 1
-1.0339348469307679 7.059771287231401 -0.4280326372352104 -0.15278217118797502
39 7 1
-0.7532608989862393 7.728803631262164 -0.5169065539483283 -0.14153263678314043
39 8 1
-0.5022040409687838 7.754010020138793 -0.3533260719990825 -0.1559064195613507
39 9 1
-0.7974537196085161 7.589770961277576 -0.4809415694395289 -0.10338225228259211
39 10 1
-1.9203737465888149 5.585617232681211 -1.1313684426455934 -0.7386620826216944
39 11 1
-0.7069650348667867 -1.9107876498781589 -0.5161775252015043 1.773387267909091
